Nama : Angelina Febriani Madesen
NIM  : F55123084
Kelas: Teknik Informatika C

Array size: 100
Array: [82, 15, 4, 95, 36, 32, 29, 18, 95, 14, 87, 95, 115, 70, 12, 76, 55, 5, 4, 12, 28, 30, 65, 78, 4, 72, 26, 92, 84, 90, 70, 54, 29, 58, 76, 36, 104, 112, 1, 98, 104, 21, 90, 55, 44, 36, 20, 28, 123, 98, 44, 14, 12, 49, 13, 46, 109, 45, 78, 34, 104, 6, 94, 59, 69, 16, 125, 
119, 49, 11, 71, 38, 107, 81, 80, 114, 111, 47, 74, 25, 91, 9, 6, 85, 30, 99, 38, 127, 11, 110, 30, 111, 13, 49, 36, 59, 82, 107, 47, 21]  
Unique: False
Duplicate elements: {4, 6, 11, 12, 13, 14, 21, 28, 29, 30, 36, 38, 44, 47, 49, 55, 59, 70, 76, 78, 82, 90, 95, 98, 104, 107, 111}
--------------------------------------------------
Array size: 100
Array: [82, 15, 4, 95, 36, 32, 29, 18, 95, 14, 87, 95, 115, 70, 12, 76, 55, 5, 4, 12, 28, 30, 65, 78, 4, 72, 26, 92, 84, 90, 70, 54, 29, 58, 76, 36, 104, 112, 1, 98, 104, 21, 90, 55, 44, 36, 20, 28, 123, 98, 44, 14, 12, 49, 13, 46, 109, 45, 78, 34, 104, 6, 94, 59, 69, 16, 125, 
119, 49, 11, 71, 38, 107, 81, 80, 114, 111, 47, 74, 25, 91, 9, 6, 85, 30, 99, 38, 127, 11, 110, 30, 111, 13, 49, 36, 59, 82, 107, 47, 21]  
Unique: False
Duplicate elements: {4, 6, 11, 12, 13, 14, 21, 28, 29, 30, 36, 38, 44, 47, 49, 55, 59, 70, 76, 78, 82, 90, 95, 98, 104, 107, 111}
--------------------------------------------------
Array size: 100
Array: [82, 15, 4, 95, 36, 32, 29, 18, 95, 14, 87, 95, 115, 70, 12, 76, 55, 5, 4, 12, 28, 30, 65, 78, 4, 72, 26, 92, 84, 90, 70, 54, 29, 58, 76, 36, 104, 112, 1, 98, 104, 21, 90, 55, 44, 36, 20, 28, 123, 98, 44, 14, 12, 49, 13, 46, 109, 45, 78, 34, 104, 6, 94, 59, 69, 16, 125, 
119, 49, 11, 71, 38, 107, 81, 80, 114, 111, 47, 74, 25, 91, 9, 6, 85, 30, 99, 38, 127, 11, 110, 30, 111, 13, 49, 36, 59, 82, 107, 47, 21]  
Unique: False
Duplicate elements: {4, 6, 11, 12, 13, 14, 21, 28, 29, 30, 36, 38, 44, 47, 49, 55, 59, 70, 76, 78, 82, 90, 95, 98, 104, 107, 111}
--------------------------------------------------
Array size: 100
Array: [82, 15, 4, 95, 36, 32, 29, 18, 95, 14, 87, 95, 115, 70, 12, 76, 55, 5, 4, 12, 28, 30, 65, 78, 4, 72, 26, 92, 84, 90, 70, 54, 29, 58, 76, 36, 104, 112, 1, 98, 104, 21, 90, 55, 44, 36, 20, 28, 123, 98, 44, 14, 12, 49, 13, 46, 109, 45, 78, 34, 104, 6, 94, 59, 69, 16, 125, 
119, 49, 11, 71, 38, 107, 81, 80, 114, 111, 47, 74, 25, 91, 9, 6, 85, 30, 99, 38, 127, 11, 110, 30, 111, 13, 49, 36, 59, 82, 107, 47, 21]  
Unique: False
Duplicate elements: {4, 6, 11, 12, 13, 14, 21, 28, 29, 30, 36, 38, 44, 47, 49, 55, 59, 70, 76, 78, 82, 90, 95, 98, 104, 107, 111}
--------------------------------------------------
Array size: 100
Array: [82, 15, 4, 95, 36, 32, 29, 18, 95, 14, 87, 95, 115, 70, 12, 76, 55, 5, 4, 12, 28, 30, 65, 78, 4, 72, 26, 92, 84, 90, 70, 54, 29, 58, 76, 36, 104, 112, 1, 98, 104, 21, 90, 55, 44, 36, 20, 28, 123, 98, 44, 14, 12, 49, 13, 46, 109, 45, 78, 34, 104, 6, 94, 59, 69, 16, 125, 
119, 49, 11, 71, 38, 107, 81, 80, 114, 111, 47, 74, 25, 91, 9, 6, 85, 30, 99, 38, 127, 11, 110, 30, 111, 13, 49, 36, 59, 82, 107, 47, 21]  
Unique: False
Duplicate elements: {4, 6, 11, 12, 13, 14, 21, 28, 29, 30, 36, 38, 44, 47, 49, 55, 59, 70, 76, 78, 82, 90, 95, 98, 104, 107, 111}
--------------------------------------------------
Array size: 100
Array: [82, 15, 4, 95, 36, 32, 29, 18, 95, 14, 87, 95, 115, 70, 12, 76, 55, 5, 4, 12, 28, 30, 65, 78, 4, 72, 26, 92, 84, 90, 70, 54, 29, 58, 76, 36, 104, 112, 1, 98, 104, 21, 90, 55, 44, 36, 20, 28, 123, 98, 44, 14, 12, 49, 13, 46, 109, 45, 78, 34, 104, 6, 94, 59, 69, 16, 125, 
119, 49, 11, 71, 38, 107, 81, 80, 114, 111, 47, 74, 25, 91, 9, 6, 85, 30, 99, 38, 127, 11, 110, 30, 111, 13, 49, 36, 59, 82, 107, 47, 21]  
Unique: False
Duplicate elements: {4, 6, 11, 12, 13, 14, 21, 28, 29, 30, 36, 38, 44, 47, 49, 55, 59, 70, 76, 78, 82, 90, 95, 98, 104, 107, 111}
--------------------------------------------------
Array size: 100
Array: [82, 15, 4, 95, 36, 32, 29, 18, 95, 14, 87, 95, 115, 70, 12, 76, 55, 5, 4, 12, 28, 30, 65, 78, 4, 72, 26, 92, 84, 90, 70, 54, 29, 58, 76, 36, 104, 112, 1, 98, 104, 21, 90, 55, 44, 36, 20, 28, 123, 98, 44, 14, 12, 49, 13, 46, 109, 45, 78, 34, 104, 6, 94, 59, 69, 16, 125, 
119, 49, 11, 71, 38, 107, 81, 80, 114, 111, 47, 74, 25, 91, 9, 6, 85, 30, 99, 38, 127, 11, 110, 30, 111, 13, 49, 36, 59, 82, 107, 47, 21]  
Unique: False
Duplicate elements: {4, 6, 11, 12, 13, 14, 21, 28, 29, 30, 36, 38, 44, 47, 49, 55, 59, 70, 76, 78, 82, 90, 95, 98, 104, 107, 111}
--------------------------------------------------
Array: [82, 15, 4, 95, 36, 32, 29, 18, 95, 14, 87, 95, 115, 70, 12, 76, 55, 5, 4, 12, 28, 30, 65, 78, 4, 72, 26, 92, 84, 90, 70, 54, 29, 58, 76, 36, 104, 112, 1, 98, 104, 21, 90, 55, 44, 36, 20, 28, 123, 98, 44, 14, 12, 49, 13, 46, 109, 45, 78, 34, 104, 6, 94, 59, 69, 16, 125, 
119, 49, 11, 71, 38, 107, 81, 80, 114, 111, 47, 74, 25, 91, 9, 6, 85, 30, 99, 38, 127, 11, 110, 30, 111, 13, 49, 36, 59, 82, 107, 47, 21]  
Unique: False
Duplicate elements: {4, 6, 11, 12, 13, 14, 21, 28, 29, 30, 36, 38, 44, 47, 49, 55, 59, 70, 76, 78, 82, 90, 95, 98, 104, 107, 111}
--------------------------------------------------
n = 100: Worst Case = 0.000015 seconds, Average Case = 0.000010 seconds
n = 150: Worst Case = 0.000015 seconds, Average Case = 0.000013 seconds
n = 200: Worst Case = 0.000016 seconds, Average Case = 0.000016 seconds
n = 250: Worst Case = 0.000019 seconds, Average Case = 0.000019 seconds
n = 300: Worst Case = 0.000024 seconds, Average Case = 0.000023 seconds
n = 350: Worst Case = 0.000026 seconds, Average Case = 0.000026 seconds
n = 400: Worst Case = 0.000031 seconds, Average Case = 0.000030 seconds
n = 500: Worst Case = 0.000036 seconds, Average Case = 0.000036 seconds